32006
17521
11305
29002
19069
11473
17661
25649
8154
28612
19272
6947
30672
25279
11774
15183
19616
6546
27130
25910
14232
6115
17824
4541
10713
14043
28609
17792
8798
4895
1470
3690
1338
5890
17649
32643
30753
29945
27464
7944
26666
9807
2867
31425
7379
16921
22209
22159
31814
16493
9734
10565
25819
32207
15551
23480
16349
4844
4921
32282
12689
21643
9838
26499
2676
4032
4977
29649
24005
22114
525
21426
24899
28608
8873
8959
31288
16784
17263
14668
7094
17704
16558
26813
23073
23793
21628
7963
22509
7704
2463
7462
28585
25222
21934
14381
16189
14099
7795
23005
30832
31222
11924
12887
6829
15744
23922
20613
31238
17163
28242
5293
14201
8749
27323
12614
3698
28721
31774
11787
7058
31687
2237
8527
175
28922
6085
5008
2588
31075
16573
16718
14634
11420
10788
12061
22510
25848
23382
17402
31301
19569
26032
24027
4118
13794
10484
5258
27863
5751
14063
7858
26707
13153
6745
3386
31914
22478
1276
20691
1433
10008
10521
15821
1275
24380
16903
559
4240
8079
4125
16902
19710
1964
19410
19965
6677
17073
21539
10286
21591
21163
7221
19256
20408
12366
7228
26514
28578
4842
18843
2847
60
29850
23117
26370
13548
9919
22403
10163
28699
2732
17294
4946
14392
17059
22272
25148
32255
28417
6414
1501
6139
19381
22329
20933
5961
16886
16430
15101
22944
16950
9706
8603
31886
31313
11041
22676
5636
15371
24545
24530
22037
10169
4467
1158
30203
28478
20866
23488
6235
17721
30846
19261
32458
19581
10051
5247
14479
7106
3062
5667
11946
10650
28208
14192
12566
13478
18015
12844
26956
31753
25705
11955
22024
23581
27026
26186
13391
9061
6559
16304
31153
13251
18235
6646
17356
17387
24475
14737
24849
21784
22878
2990
22219
12542
2743
13253
2140
1023
10957
6001
25546
26529
610
23679
14203
28992
4019
3396
5437
6400
8608
22324
26250
3334
11789
6065
5641
17640
26504
11041
29271
26977
22060
12867
11784
25674
30661
16835
8425
11461
11061
12300
11912
9148
27414
30045
30199
5258
7072
21023
11980
11767
28621
12150
22380
1898
10684
28182
6282
1626
14931
5976
490
14342
1065
9356
1131
29542
17827
20625
19780
22369
28253
10148
26254
31040
25547
18806
16643
22371
31008
4481
2821
25650
7790
6555
30946
15703
2831
19148
25174
25387
26437
28765
22865
1133
14621
305
7675
12858
6297
4953
5109
4153
28429
11746
7394
21783
17866
27889
31783
12083
26618
11283
10222
24986
23499
10958
11121
11573
30416
24444
32373
23105
4516
27737
30228
30208
7888
27354
12992
6318
10478
320
12165
18359
31759
30318
22158
18471
32347
14327
16107
30050
31735
1660
30610
28693
27180
15413
931
14700
26053
25037
27632
3718
28856
1395
2492
6182
13065
2094
28355
17067
17132
21872
3707
21058
14378
14575
3226
1882
3781
18096
21720
26456
7391
2404
24566
32140
8152
27384
18943
10340
9399
2920
7630
18144
20427
31188
31184
23110
18322
981
29195
28695
18137
3857
21343
26689
6693
12557
11276
27542
3154
31043
15733
9853
1658
8565
15140
7144
26392
6208
31501
9350
21613
6644
31511
28217
3619
19363
24536
4042
561
3192
20640
1244
10494
29002
21690
9758
27849
7793
5614
29125
8264
29657
11338
14394
18575
16213
22307
271
15924
26933
18262
15416
27057
20250
24275
4984
7945
16649
2397
28697
23727
21695
4747
2272
29091
836
7443
3136
20190
17603
8007
15054
2032
7833
2272
1525
18152
22444
30203
1771
14196
18174
4961
25059
11593
28802
6155
27013
2501
25646
30694
5787
9427
4945
13267
10253
15632
4135
27378
32527
13100
27562
4384
2969
5266
9644
28350
23831
14667
25379
19893
11107
31007
24260
30646
27632
15358
18387
27079
18248
27039
825
24827
696
31847
727
9344
12873
15244
10010
12511
18163
24698
24271
10368
19726
11126
31033
11629
28425
11137
24161
2135
4190
15743
8622
16606
5317
1688
8885
2829
10153
28127
12370
11812
6104
22833
25080
18587
7038
12640
6981
5475
4180
29073
28122
5743
3093
17891
19817
18547
20786
32082
18959
17388
31686
21210
17637
28512
31436
20959
21202
9959
10640
22988
16803
31978
7523
1275
29533
30763
31635
30421
977
29445
27546
21818
27762
32758
31126
28963
6756
30554
31993
25221
10965
4729
22402
7033
16784
14276
8300
13979
11727
23644
4069
1199
20817
7892
16065
7563
32173
32568
3696
30769
15334
22606
19757
20027
12863
32283
27257
20092
7249
9641
20424
25316
2394
31240
12666
3492
21720
659
27660
8595
3415
15988
16784
22992
15751
6507
2906
5289
19345
7627
13309
13756
25259
1989
3446
29532
6891
7656
22438
4919
21336
29417
2822
23093
29255
29856
15254
13219
32741
27732
10262
21392
20240
21560
18809
22647
10347
9781
30359
12319
11185
2026
28706
17344
23369
30706
26843
12135
1563
24677
24069
2203
931
12961
21530
30785
30275
28746
19390
11197
2014
17807
753
24922
21666
6319
22152
5100
30757
12988
22494
2484
28852
26016
27335
19075
19688
21341
32709
16674
22393
15001
15999
3058
13655
27737
13422
16592
10743
20237
23514
10299
30187
4813
3845
13241
950
31458
15270
13174
22238
24712
27288
3887
28995
21234
28628
1614
8878
30863
22173
15191
30381
5516
24058
3714
13471
23450
6505
2986
9739
26353
2514
28517
5942
3220
17082
1909
17908
24023
28601
29279
12990
1311
20014
601
2053
24554
28465
18281
3014
31247
21961
1228
20319
20038
17759
5525
4513
28650
21619
1174
1830
510
6030
23427
31972
8047
30840
27989
2307
6296
3498
8173
15852
10763
1542
30970
5027
4239
31942
29212
31574
7781
18867
22602
20790
13776
8599
14961
8325
19668
6900
11101
28144
24125
27382
23261
31776
27619
28327
18978
16012
30253
21602
8041
28305
3284
31114
23770
30404
23785
20603
32431
10375
24602
25281
17560
28634
4401
17289
10846
31092
18909
1620
21447
32531
11701
3571
28603
11792
18042
18351
22180
23606
13724
9928
26651
32468
7936
29729
27584
6161
12545
17977
31081
3712
28085
13661
11392
8948
6513
8220
9894
30870
29327
5116
9628
25396
5742
11883
12388
28636
14267
2552
8099
23466
2543
3011
1354
27870
1561
9522
14197
25137
27870
24038
660
27754
10686
14830
18120
26156
31641
20538
1168
15890
1649
9554
7332
18174
12913
7752
18209
25261
31790
8170
1511
14991
6702
11837
5695
31446
7079
8231
9666
17357
25736
15212
20086
17772
10941
19676
7737
14633
22703
4298
11619
11792
30987
32703
2215
23318
4037
21360
29242
27563
1116
22510
15927
31374
351
23837
20035
12005
27952
23655
28781
12173
24584
9905
9559
24751
15163
11918
4507
8084
17854
17075
7784
28858
29158
19628
3436
21543
12402
26573
1015
13309
29900
25706
20829
8527
20108
2891
29852
21299
15422
13658
9534
7192
7013
2975
25473
18778
22976
878
21430
8468
19403
27359
26855
29238
19593
6527
8892
27351
2689
6469
25247
10444
9734
23496
7199
14457
1212
20398
25746
30183
32344
27240
9727
1047
18087
31261
31035
20118
14546
21475
27473
18770
26592
12853
12839
25260
6268
22434
5215
23502
2041
18882
2172
31551
9363
14446
20294
19892
6904
25904
3439
26922
23815
7929
10358
26161
1495
9746
27340
907
16123
3157
13110
10229
2820
26013
13170
13893
6472
23675
541
26549
1762
32555
980
8319
12538
22726
28570
29354
31815
10936
29305
17187
13777
23157
13932
17679
28924
26472
20605
16224
1730
32044
23083
20646
6720
30207
14862
9512
18036
24948
24510
21300
22853
25448
30448
20915
16323
32566
21986
15616
1969
9007
11002
24059
6721
2116
11690
10073
5150
14854
22166
7486
24239
23249
25337
23309
28315
30787
10052
11135
19336
1011
29961
26354
17705
17504
6168
3076
31095
21032
12008
18017
4158
30075
25144
22489
20444
30670
16373
6070
28485
15828
15711
31820
18763
15786
9320
25297
21789
9554
28764
2415
2061
17762
24007
28568
1174
5117
12692
4250
15005
23555
31602
11379
23799
27781
22396
4838
20524
23676
29464
9422
30330
14010
22815
32691
32029
8736
18751
1947
3790
23058
7838
17186
3978
2856
2496
15821
17812
26662
8619
25756
5053
2863
4169
4318
10467
30517
24077
13641
18616
19892
8409
24906
4548
3232
4640
3738
25774
26780
20552
27922
20663
5996
20306
8384
10631
7853
15548
9786
10796
31427
23206
20786
18784
12820
5685
6475
8970
10356
23861
10539
6920
18143
30466
25554
7468
19310
25768
21546
7812
21892
3145
15071
17375
584
13247
11888
20876
11609
3715
391
18533
10685
25293
25478
21517
1818
2557
28514
28277
14120
20538
7348
23717
10086
30553
18189
26809
8972
24832
16266
32041
4417
9227
7337
1358
25487
4398
15451
14114
18580
27356
11355
10824
30458
21608
27837
24652
9385
15467
16586
8747
32314
18021
523
22294
12975
30631
10660
14451
26466
11120
996
1829
10300
4694
16921
9741
10279
16615
24233
15824
26054
4497
1886
19931
2147
23999
514
20133
2345
21061
16172
18740
31891
25342
3929
2019
4132
8627
11838
17506
4185
31807
6237
30462
2780
9713
24279
11043
24826
12338
28033
32031
24151
5736
30521
9512
10208
16666
31867
13217
5890
17492
8239
25241
21785
23885
16069
8341
19244
29511
31620
14479
14807
8119
14367
15166
3464
422
10890
3480
17135
24663
1291
16534
28591
24874
25748
5687
17242
21696
31056
22471
5276
24416
7548
24929
20150
153
20088
1715
21294
15913
15390
13569
9157
30238
25170
30316
26794
7227
24794
14965
9965
26269
1393
1981
15158
11679
15382
31502
27831
762
22954
14239
11359
17457
29882
11412
21585
11308
16538
21445
31636
10274
7859
19904
12812
29629
23069
32529
14505
16505
16753
4801
2526
27726
4824
1564
18005
2958
28264
8631
23009
18960
17073
946
27828
26510
26514
7995
29906
21324
23378
21843
31685
11002
21995
2773
27794
8412
9897
24500
32237
3368
4084
27524
3241
11952
5482
9020
31346
24256
28722
19514
25790
15434
7564
8327
18433
4672
15276
2141
25376
32066
10440
3302
28457
5241
6256
26695
32577
6595
4894
22237
7390
29968
5134
3526
29750
32524
14671
31396
9463
24318
14875
12445
2872
32751
5988
9895
5295
24848
15023
11010
30245
17750
30501
12293
21800
1639
8423
22046
14848
3769
11939
22293
24036
16120
6501
13968
10605
17065
28335
23516
30538
6158
18635
30954
28470
20297
8544
25240
3367
17603
12868
15922
10440
23247
22673
10297
4394
30347
11771
14435
4278
17415
19552
1762
28007
1450
28577
5865
14646
29393
27057
19053
1749
27064
7403
17193
22175
30878
28841
21732
20432
548
29714
27894
6641
247
9011
4873
27287
11950
594
26397
6989
4598
894
16591
23503
14316
27243
21466
21625
7370
8829
32222
19710
1990
15139
8544
11101
24119
32358
12818
24337
12794
21954
22101
3208
3860
28980
16893
3287
19608
25748
11860
5548
25804
12069
4961
7556
6279
24939
1642
20510
25053
21820
25015
10031
31230
11290
6553
31575
30300
1984
25259
8532
16652
12539
3416
26486
28783
8379
15005
1874
16913
8042
19984
24507
15569
28284
16674
2798
15939
12360
15265
9485
30546
534
5505
22223
7210
31865
9691
30837
19285
3551
822
24832
28707
25446
6406
13729
9296
21489
13938
19825
21729
380
31322
32098
11855
9388
16537
24693
5095
13994
29831
28718
9841
27954
27842
326
7696
15591
13359
30879
31593
21994
25659
19581
21511
20138
29799
9714
15870
28926
8963
13978
7887
23921
23353
5769
24972
30940
15438
16002
22589
22587
9765
29289
19585
7865
28421
12283
889
525
9883
30141
14561
26889
2627
30258
21888
22640
3715
2897
25795
8713
8664
32310
3493
2545
3254
30488
4817
22069
4810
10619
7691
31904
14722
4263
23244
25298
22479
20568
9260
25746
21290
3511
18949
5222
11733
21641
12630
27232
19043
23719
21477
21818
2170
17326
25385
24998
7896
3831
4710
27615
22164
2506
19482
3972
2982
21454
22168
18854
5802
13252
11251
288
993
629
2333
26918
15225
16873
30800
29217
32526
13530
23213
15546
24688
2664
13604
17205
5543
29199
17555
11521
20020
11221
7474
141
28058
26824
22830
10077
20253
4007
6804
30812
30410
14816
25713
15476
21431
31930
3896
24924
30604
21204
23651
20145
26434
14798
27997
4425
26923
22598
8608
20676
29747
16390
8218
17251
9317
8315
4054
5150
22705
32106
17368
28400
24044
15838
24137
10102
19224
10085
11988
11704
29414
6523
20559
17735
3705
7495
18846
12936
1389
7557
13780
21071
30488
23236
14236
20399
26895
28625
15320
27665
16108
31347
20359
3460
24399
15448
3308
1876
10787
18512
25581
20702
9251
4025
16825
7842
31644
25658
23469
4506
19060
16821
8569
28875
14699
29814
6782
8473
26785
28593
12923
20319
16729
26667
14697
191
5372
1847
6819
32055
11617
18916
3914
18549
12875
24693
20456
7405
2099
8721
2387
7464
3144
26812
6357
12127
20917
27014
21385
14152
17442
23810
23816
8752
21373
3066
20805
31050
3322
5217
17846
28231
17752
31369
26037
5670
14439
23191
11813
17998
16839
20019
3160
18394
4850
23172
25648
21812
2684
31323
16773
5605
4250
6318
14535
3243
7394
3913
15077
11212
18769
32192
24685
939
5778
3240
28660
16281
17789
28934
9144
25837
27103
17416
29316
2135
6777
755
24532
28017
25163
19293
5946
17559
22290
10140
22272
31481
30991
32638
28175
20718
16394
315
20751
10892
31127
5799
2768
20085
23704
15020
3049
1779
30211
17144
7583
22856
21221
29171
31752
18239
2983
25844
23408
20231
5264
12980
23803
7489
30604
19971
13964
9560
23340
185
4582
5137
31469
4848
26385
20579
29885
29296
22016
32392
4027
28267
17264
14676
24639
23403
15635
30150
27930
13192
26862
17629
14879
1758
1023
26540
23522
20542
13348
27057
30911
548
12600
13667
23326
24553
2431
22282
30966
30522
1348
25043
5264
19913
28096
11044
23182
5954
15166
20525
8491
1921
28285
14784
11460
5378
6486
4706
7576
16281
23198
25250
27340
12131
20814
18345
3762
16380
19169
30739
18506
19442
12542
2813
5641
19578
31319
13663
19930
8546
8913
29085
30307
5447
28389
17752
17801
29192
32326
6538
26678
14714
29124
22738
30553
22110
10352
18444
15919
22928
22529
19749
13762
6017
1142
6189
22959
14822
6909
25262
14891
6578
13332
14653
28488
30018
16622
846
20853
22232
10264
15693
6980
16203
5468
6378
22641
26877
230
30644
17951
14092
12709
29673
2148
9421
16116
27532
22792
18806
21882
16825
5002
17434
17230
18998
16996
9179
3935
4938
4496
8283
8212
466
19019
13939
13615
29585
15385
32040
14583
23496
14089
18138
11414
3590
31546
25279
13248
11074
16798
4752
917
25895
16894
2178
14537
2991
23103
376
22786
6387
15075
20343
897
12098
15571
26714
5381
15728
17499
19655
17132
15728
21878
23393
29084
16677
15692
25663
18977
16758
29945
4254
21271
25505
8592
29394
4299
10449
21855
21123
28829
15346
30325
2325
937
20932
28258
616
19622
20270
1854
13762
9485
10710
6637
11017
32126
14062
29088
24630
32097
23633
2207
8966
17865
22478
583
13042
23453
4291
1614
16226
31993
10222
24911
5662
26066
14721
3714
5637
18393
1396
3786
14849
31138
29215
12534
20538
8454
7432
12096
12682
23750
28154
17946
3378
12656
24663
10283
7371
15751
30382
29588
21631
30942
3216
3191
25464
837
31392
186
6297
18023
16618
22792
32620
28403
11126
31513
18780
250
9500
308
22309
2969
11417
10994
30344
16343
8163
19268
10307
28368
20922
22455
576
13076
7552
31991
525
18762
27978
23698
25484
23577
26167
22527
20460
18248
12033
3295
30935
5667
1233
26242
29677
16673
4696
26797
27250
28357
15643
6043
28995
15298
23822
8513
7439
20066
4709
11223
9923
14632
11687
28051
13382
28853
24068
29112
6503
22760
6632
11983
9492
11593
30160
21044
20172
18600
23901
25813
22614
4097
25254
11575
14260
1187
6099
29370
23891
16785
9960
1565
10884
26665
7134
13124
11312
16387
5368
57
28102
3612
19796
23922
30841
26420
13761
11090
21161
372
4048
14577
5022
18772
16174
8224
24444
15804
17712
8872
24435
22377
6832
27859
2615
32659
23576
24878
20656
22989
31676
20876
754
25900
28269
18766
367
14507
1610
19682
3691
24270
28634
12938
21425
5254
1368
30815
28805
28501
27726
15253
9177
11954
12646
13568
26308
15535
22140
24279
2863
8665
1783
10169
13010
28768
26202
22253
12895
27256
11542
1518
13564
26622
1955
21287
13303
16223
27598
12795
5813
13750
22613
31752
3820
14900
12977
10157
1298
28869
14131
18377
10518
20464
12114
14534
31565
22015
25156
7895
25007
6497
29643
6525
7491
14412
9554
20560
13272
27559
11576
15612
8694
16678
6252
22154
26900
16567
27194
481
19979
285
28260
27532
23499
28634
29045
11965
32333
20563
21330
28050
18889
13871
10258
16024
16936
32512
23311
5006
14012
3877
2109
32107
1583
21999
32699
29090
24249
23810
10152
29860
20118
26366
12344
19878
14520
24927
19975
10149
441
11682
28333
17320
2323
1450
7058
8262
17043
32609
32516
14951
1035
29602
16262
19279
23368
19543
9579
10200
67
32222
16036
9470
14235
12210
29911
9633
14659
22599
18865
13703
28536
20533
11644
21921
8695
8345
9204
23951
24940
4280
11094
5733
18221
14054
6587
29360
23848
4263
25764
1972
16923
26131
1750
11256
24067
31871
30824
24325
15062
23641
27930
24170
21876
11860
19688
3075
31451
29637
6879
2427
1435
7757
15920
11536
3979
19129
24963
13206
27577
8998
23693
21439
31911
11369
23525
5785
15028
686
15123
6488
32472
18782
17642
7254
26004
21063
19993
856
24105
16375
24060
11027
14857
10088
22968
14319
20619
29923
25990
16906
2786
6174
28751
640
27728
15272
7546
26090
27287
2950
258
10276
10929
20255
25035
23892
30144
23125
30262
3111
31304
6645
20211
15710
11676
16209
25622
9354
24982
20267
30829
17939
25227
6101
18193
15999
12670
21143
12092
3825
11924
29777
21082
4848
18376
29025
22627
874
32736
30919
20071
11001
24992
27271
21355
12132
13117
3407
1907
5225
32277
18266
28896
23482
16028
24212
19452
26181
20634
1023
30932
31416
27540
11861
31558
5445
17287
2031
16730
25763
8669
29669
9174
6229
2713
28279
21772
25646
16853
19628
12791
23829
17774
7992
10630
4870
3838
15523
11832
3161
12810
13992
26089
1607
10877
16092
3052
7850
28501
16016
14681
19204
7581
9719
1960
16579
20379
13964
16767
12995
29770
19630
5577
2069
15115
27789
264
28671
26519
5706
24812
30531
8760
9562
26148
676
6201
16172
22644
21159
154
5387
24840
29847
22793
32069
20232
17611
28430
10125
2668
26156
2438
28830
10514
21233
18002
6433
23053
27309
80
25553
6977
8588
20874
24285
27949
13529
1454
23693
30983
2244
4287
24361
23822
4963
24073
31767
4892
30966
2906
31299
9594
15727
25711
12228
9721
12082
12973
25276
6974
28441
13586
12671
22622
14779
21610
17912
29355
21998
26566
22601
18893
19594
7466
17586
22036
19824
23174
14516
12556
26059
10983
15222
3154
27542
3055
5479
2727
16991
12163
23333
12099
23882
1475
8094
22379
8792
9023
4469
29254
4841
22375
1959
27373
23936
1860
16750
30913
15559
8294
23909
18945
18387
14366
19437
15516
6056
10989
16592
6467
26112
20539
26661
1219
2376
5708
25204
7058
29164
6769
19482
27559
3284
4475
21486
16527
12079
5237
9508
30142
28527
9619
10354
17187
3988
357
24690
14335
23726
4176
25928
22518
10141
3135
17284
3687
15132
11926
16970
27641
29438
31336
21680
25206
22710
30441
14951
29405
26909
28198
5022
434
26480
1011
27683
17817
24984
14629
459
1059
18863
12034
18965
4328
18623
16118
31498
17110
11981
14984
7015
21448
9238
26507
24062
24154
32664
3225
19546
28156
26324
8637
1186
21830
6867
31088
3775
16012
5735
30151
3265
10929
25011
7658
19071
21056
16109
10184
28798
7352
5219
18953
24085
8744
14268
27204
28366
27388
32385
31603
12046
25111
14300
8356
17401
11554
29599
26609
2704
24355
14983
12721
12828
14673
7107
6128
21968
28199
13232
27165
22954
6839
4071
4355
3738
27201
5241
28411
25062
6148
18041
4191
7117
17236
8123
16449
29035
18925
20444
21853
28124
7303
3714
19277
30372
16810
25317
31740
28494
31428
1167
3421
16468
16249
14688
26461
17727
826
21716
17942
26127
31001
15497
15429
24541
18907
5627
14846
191
28751
402
27550
23276
12255
1760
1282
13089
22885
5667
19702
11843
21056
17170
31984
581
4518
7382
18687
11852
2107
18262
9214
32273
9699
14775
5133
23687
29141
17955
11074
14783
26866
20170
30875
2056
5716
19495
1335
5210
6697
2181
12742
15861
4802
13505
2111
20805
7143
14929
21969
2569
22638
28293
8475
180
14860
2829
20639
1811
31594
4028
5492
14385
123
29068
28220
16248
4366
15073
22102
6936
8607
274
30037
23981
7795
21285
25264
13084
27876
1498
20922
11453
5881
236
14805
6336
21817
29075
20195
26825
27329
1613
24062
27614
1941
6110
25193
24451
9524
25493
26310
7203
4463
15058
1673
24754
7034
19397
9132
401
5956
26488
9381
32434
11012
26896
20117
17660
6932
8784
4034
7921
2051
29022
20039
6286
21222
25546
3850
23154
7150
2764
2287
16451
3904
25805
30795
11854
29696
41
18076
27245
12719
15156
23159
31790
16312
17787
9153
22577
13125
17996
14370
23250
24407
19576
5047
22024
15126
27479
20999
13965
614
10509
29497
1088
17594
8716
388
16839
22061
1498
10982
28536
22223
20757
8985
13690
17468
26804
25027
31015
18804
31375
4333
25013
16614
18210
16310
4118
7374
14477
11592
3612
10689
27360
16396
14561
24454
2454
32026
10854
13352
9823
5108
26234
9545
27939
21107
20190
27577
22851
5377
8870
3400
20514
1801
3298
16600
17636
18348
1662
22710
18805
18102
3943
10026
12493
28112
751
4428
9843
27127
2931
17434
24384
10540
31035
16328
18278
24685
161
11607
20913
11749
9078
12905
19468
11104
18849
14164
23878
1281
19721
21365
4118
26679
31926
21447
3933
24301
23347
4019
30636
27393
7222
42
25094
30200
9602
19698
3047
26864
5901
17469
16516
213
7774
28800
26453
13016
6458
16514
23505
13597
19327
30132
29305
32692
11344
19648
20247
22987
3698
5220
28744
18210
10230
9857
5176
27071
15641
30575
23213
11234
29288
12180
18503
17979
2600
821
3846
30299
4340
15499
16396
31081
15784
11290
19108
7958
2174
29502
27780
2258
15735
23815
30543
26945
3581
14662
3934
22504
26054
28136
18368
3373
1787
12931
16255
6782
12698
10799
9253
29392
23065
20375
15743
22347
13132
26448
26273
31811
3976
27753
6186
31339
23817
11075
26570
24645
16785
32418
8449
30685
6482
25349
23337
5303
23822
21555
12470
32262
13181
10519
31677
18718
12783
25037
15283
14380
4146
7165
2168
28965
21430
8552
13971
8444
13807
17600
4288
24344
18939
189
19112
25861
9605
3437
4335
28266
4329
24524
23155
21819
664
18324
24275
15919
27071
8022
22063
26997
3107
17098
26159
31651
31567
16228
24647
21231
25842
29479
13625
15521
17027
3518
16859
7880
11302
10185
22810
27180
21203
25717
12095
26757
26037
20815
2673
15082
26320
30810
23675
7308
13031
22622
10704
15780
16541
14212
25036
19114
23258
1056
3133
29640
23152
14286
28706
2190
8959
28864
6067
31719
26390
13654
21921
25676
30618
5615
12190
19511
8812
8448
21024
26331
25670
23907
29026
32018
29158
16113
15276
9879
23663
18770
16597
9077
21772
21780
29446
27071
21462
11003
9408
15234
9720
27032
10273
22776
10000
26909
29539
8958
10713
4464
28325
16840
21512
22142
20206
9172
29043
20178
8815
26908
632
6246
29192
3728
2461
32697
7182
28099
23668
7457
19532
25829
31682
23651
13639
15089
14047
8833
28359
5159
7776
1491
7570
2749
2548
19545
18555
16338
13708
9296
32411
30883
14783
19203
13023
7169
25452
5604
28867
9219
11937
4571
20060
22520
26811
11486
16284
25247
15823
7618
11986
6299
13641
32337
32368
801
25043
19356
22545
756
18553
16531
27834
8083
17162
16082
2656
22192
25025
14782
10923
32741
4132
22481
24314
6307
301
15922
15783
3179
9896
14985
13452
19776
14300
16145
25798
20572
2925
25839
27576
17186
18561
26818
15699
3156
13090
21883
29589
28038
6116
20847
14160
22738
6855
16810
9773
20174
27998
14214
23024
22715
12337
23677
29950
29439
865
20540
22556
31702
2698
11512
25977
31300
26605
9733
29935
20814
29391
29861
23942
13161
11548
1822
14394
27187
15440
9743
16382
18017
27031
1027
29440
19448
27955
27463
22831
28353
2335
32249
5115
29430
14066
15458
7003
17986
27909
17798
19477
25833
16088
1528
11066
8002
23730
18675
751
21358
13960
24487
15475
28484
17952
21201
7006
20107
17527
21134
15911
18796
20063
22641
2025
1830
15468
12243
22375
26884
12817
22634
12109
8589
10247
30494
13241
19450
30190
18711
8441
6125
7991
19739
8087
23903
26433
5911
6546
11482
28866
507
29935
12265
27753
13259
22384
28110
6850
10227
22436
18546
9561
13276
16160
17826
4898
14780
16907
30839
23576
32178
20448
7958
24613
20754
24943
18586
17730
2046
26661
5967
223
27958
17038
29473
4229
10288
23064
16468
9658
18796
19994
28277
18725
28930
20500
29584
14578
17277
5433
1955
1656
8427
298
13395
14105
21045
28165
3294
27754
8365
13726
8785
22420
3046
24588
2043
31739
4552
7016
31777
1309
15587
24785
2291
13244
27908
27315
12735
9791
3590
24649
101
86
12523
23137
1803
13789
15148
9568
10769
32003
8268
25733
17991
11179
22963
31346
1886
1042
4282
23272
669
13490
12035
10706
27093
3943
18699
19333
27287
15313
5890
19014
3492
26873
28634
13580
10917
16951
31390
23432
17437
11091
2565
2915
24475
2026
22087
12999
11828
4627
2351
3104
6448
1091
20593
14116
1796
6766
27199
25361
27777
11887
24599
28213
32330
29610
25567
7860
5771
5616
819
22662
8936
16291
9470
29887
11956
19226
1351
7699
23908
9030
9038
22169
26947
6038
21976
2767
31335
10009
31175
21983
27107
1763
28397
23328
17726
26545
22306
22752
9764
16080
19348
22625
12892
5690
31839
7969
22522
10243
28254
17758
6614
18675
19264
5594
60
26229
30686
6876
485
7087
25803
31863
31014
8691
19757
5134
31080
8278
22476
22808
6360
7838
20073
2849
608
8034
24401
15633
25557
9580
7474
9649
3186
10338
12588
22891
20357
15526
29483
20818
32616
29306
23669
25442
5299
12392
2175
4104
21936
3297
14341
18661
4623
27428
2649
5327
18139
24417
24828
13592
16045
7710
8555
12307
544
31451
18747
25813
11396
14833
2152
3129
30935
14784
21995
19239
6897
14089
12938
14869
14590
12441
3572
1485
6449
11816
525
3441
22455
28288
22663
8637
14570
16610
3762
18829
27592
3493
19349
12191
20643
21024
31805
7577
6169
5066
2645
10318
20039
3744
24823
28989
9786
8903
13250
8538
6566
17779
15405
274
12507
30983
24858
20873
1780
4222
31919
19238
24146
16905
13409
25937
22857
19705
5969
19323
11032
14048
30428
9055
21791
25587
11629
2184
17484
3763
18326
24852
25303
25293
17248
28599
29231
16190
23007
18179
16692
25530
1801
486
4774
3407
17352
25972
18397
17990
9805
20454
9147
27978
23720
6371
14816
14284
13717
18175
24092
13221
11161
16002
10282
3069
9806
19818
24475
5484
26107
14515
25616
25952
19816
11989
26028
30911
32241
17295
457
11725
31192
22755
6122
5455
16608
6498
27377
24305
6935
26537
25235
25829
1523
26412
264
6861
30624
562
24839
25563
27801
4385
20465
5174
29558
1788
22605
8608
11012
18218
20596
18263
26267
2169
16781
8504
27820
26978
15036
554
922
6543
25751
2490
16587
15514
26842
15619
19966
27160
603
9937
6367
28374
18752
17158
8408
13154
3951
14652
22315
27597
24902
10923
17726
29872
32397
5965
27957
365
24488
7745
6342
32695
6929
7534
2633
21589
16134
29800
17423
21794
29567
28311
23029
9305
30819
6294
313
20751
21499
1241
21132
24833
17831
17299
29288
10128
20688
4566
5027
3594
29725
1020
2117
12587
24810
12103
21655
30692
18166
5828
30844
1882
2139
24437
25348
14386
27076
4014
17471
28940
4826
24000
12623
2637
29439
20949
20161
7970
24127
16155
29982
28610
30339
22565
956
14579
13576
25230
21978
9423
10256
19935
3564
14536
14552
12722
11060
25834
3529
30488
7570
6240
23794
12601
19357
32570
17078
26938
16114
19821
28866
24932
27341
15131
18755
4994
16598
5653
14933
28298
2109
3231
28094
6016
11016
5491
8412
12696
28076
6408
14556
29083
17627
16403
26413
139
15774
2895
29236
29066
11171
6265
30274
20216
4568
14495
12995
732
31033
15259
14264
7813
10725
5339
1895
17777
31352
15715
80
16237
10645
30484
9060
30206
30146
21806
2674
24832
26489
11796
8930
9869
379
23119
165
29216
19304
25814
23916
18170
27277
4236
6168
20933
15613
22283
18546
32120
10979
17568
15133
20346
8726
21910
27081
20234
28654
14520
17320
31710
27991
6929
23078
6154
12579
24822
17877
18724
15525
28743
22438
21670
22139
28657
27231
31635
1963
8375
26697
14686
28402
13107
22825
27143
24152
16151
3186
7047
30472
16313
13241
3694
14175
14799
361
10699
12099
28278
8120
26188
20150
16250
5082
29862
682
10449
24948
9015
5143
29544
595
18154
32076
1315
1630
11100
10627
29215
28617
20029
21175
13114
8076
27128
29114
9685
26132
5014
29826
14552
3128
28639
11971
27383
26734
17347
14532
32308
21567
25593
12395
1189
5624
18406
4249
10872
4771
17344
4798
24884
23605
11763
20132
20545
28681
29636
3215
11947
14733
24884
32136
27171
11580
8231
19958
16199
4044
12997
18030
10019
15784
27937
28364
15863
1696
12824
26499
1850
29151
30589
27953
13024
32286
21875
14967
18393
12824
9497
15367
22490
4414
29293
19198
8287
18603
17770
24949
15601
10330
1652
32082
20132
15511
502
9572
15589
7091
20298
17584
29554
15356
7897
20485
16810
26092
13187
27095
16135
5793
2881
30794
22761
26253
31496
24972
28053
18543
16881
25192
6269
13442
22424
13080
5058
5108
31169
28251
21239
153
15682
28360
15144
11489
9757
5730
7194
2056
2796
13420
20181
29324
18306
32127
7520
5860
719
18905
22476
14959
3076
3576
14963
6827
4856
16744
2434
10919
16330
10201
1461
17595
28105
12404
7778
9334
3472
24431
1209
15576
29301
30175
1098
16065
3877
19406
17608
25514
25992
4238
22796
20627
11755
25932
16220
9532
31069
1512
14062
2968
21337
29701
3752
23423
9894
22620
20778
9891
27004
3669
29198
16581
21736
3544
24686
6185
11121
10080
8871
29255
21244
18002
24413
24771
17901
11662
30656
671
8079
25155
5901
26032
18358
14599
23383
7246
419
14631
31623
23376
25127
19003
3746
13368
28940
24574
22602
16298
31152
6237
16008
19491
20211
32718
19656
25831
1619
28643
26661
17723
28246
15391
6375
3029
17449
8456
3402
17041
27782
10621
14722
3685
13274
32330
14587
7063
22952
21498
21733
6701
27432
27373
21488
24230
12597
21930
30548
31463
13670
31093
18709
25464
8826
32037
8069
29936
1017
6704
31242
28078
10520
1032
6945
12234
11997
22954
931
24395
30085
21875
13128
12443
1315
12086
21097
31544
9609
25741
10506
25771
11627
23404
1815
14270
19650
4860
494
15338
22127
22182
11038
8463
19745
10093
9326
21352
14200
20354
13602
19389
32619
21522
17529
12250
24807
14691
23930
22337
11192
19743
8176
2076
23725
27376
17076
117
20983
28492
2858
8105
7891
19603
24078
17434
17001
30295
19825
12581
17907
5882
18430
4436
1569
17279
19842
26836
11196
8602
19628
3113
6027
13321
3601
28448
17779
16679
20594
24581
27361
1983
31298
791
21613
13854
1123
8761
18103
22380
561
9450
26261
11068
27329
17527
27761
7009
1898
20591
9964
17411
11141
5976
4295
16883
6514
18336
32260
15164
14556
23767
9288
22011
573
27931
644
4464
17316
27347
27604
13652
8886
11936
14760
19309
32754
23952
26913
22369
7994
32661
10174
16584
14735
23094
4919
9092
23581
25477
12457
31317
14455
24913
24308
22440
18979
2204
18529
8368
30041
12623
6025
32440
776
29229
29554
31416
7706
14598
1786
30502
13817
13101
6009
31758
27218
6700
28322
2405
25625
14517
7082
25499
16333
15324
20397
3695
27901
9348
22861
27143
9995
27927
924
9792
27440
14203
23612
67
4032
5953
9412
32345
24751
19487
29542
7680
25941
160
18127
10302
13166
24858
4431
8245
29541
7905
32570
32760
31186
13242
31886
14237
6721
31122
15829
8851
5941
27248
20557
26422
21356
7337
30023
29857
10341
20307
19661
4803
1568
6907
4999
14518
16421
6811
30688
7499
11207
8390
19044
13802
29610
19750
3436
6041
17539
5672
10238
28250
14111
6902
16367
32442
7079
20902
32586
26023
2594
26032
18678
2690
23611
23206
8338
30581
29764
18207
18852
3079
30076
15349
25075
15853
20877
11184
31537
23587
20313
26177
30685
2108
28406
31988
12136
23031
20215
8864
7575
24850
30446
23584
8488
31075
11055
5383
3512
9508
11734
27792
5348
24975
4363
20180
19119
10667
32388
11840
18723
7013
6220
28997
14140
29410
22211
26705
14081
20500
2023
24575
32500
31371
21457
9099
8876
6030
27266
904
20161
1643
16096
13525
31720
22283
29436
7117
23903
3785
22934
22462
3724
12164
12515
8860
17377
13555
31374
22775
770
31801
5372
15915
9770
18874
31188
20695
11979
24876
17855
17296
11124
25585
28012
28118
13560
27044
17368
18758
18125
1778
13772
20242
30386
13995
24231
18863
20372
22808
23133
28365
21427
15760
30912
21900
27137
27206
13822
7405
15050
5733
7275
22150
16282
2655
29569
2427
2652
23169
24613
25001
1983
12236
23084
24356
16606
4864
6942
6628
24607
28153
27194
28091
32091
14142
27066
8842
30016
31704
18776
25781
20468
15200
528
8660
31483
19036
32552
7596
23131
11980
22638
21341
29950
11007
449
30428
16471
27307
5074
10916
20297
1597
4652
15785
26692
20590
21106
1422
18097
8727
26856
10519
2960
6214
15925
28385
8543
30865
12904
25681
5950
12202
28984
28874
14162
7732
23440
10531
23655
10197
10827
30552
19161
14477
11836
27263
4276
13382
20849
17150
12570
1196
15800
3836
7909
14654
19555
27413
19086
28069
9033
15186
18254
27205
8973
28760
19330
13075
2723
11487
4180
30886
29711
24422
21656
8080
3696
9253
1780
20974
14654
836
23364
20286
25808
24394
20284
28273
23585
10200
25167
1601
23507
9367
1232
12229
6772
27759
600
5955
9729
23802
27495
20293
15016
9784
16974
23023
30418
16004
28492
23695
4193
21190
16375
12662
28470
1771
30173
19463
20727
6802
10348
8973
23055
17928
32271
5458
14326
25463
154
31853
14514
14426
4328
25051
31646
29492
15810
2641
8042
12674
515
19281
4451
8686
11770
24316
25076
5829
16
10791
17005
7339
12459
10416
4100
27022
30034
29714
4122
14296
16145
6200
16831
25065
14367
10895
26743
20932
17598
22367
13374
6408
2915
22875
10955
17699
18455
3959
13842
17346
28445
9465
31756
27531
25301
32723
25530
32015
16608
26928
27496
12282
2693
9293
13359
8333
11347
26506
26301
12623
10504
27585
21849
13567
27570
1494
32545
29900
1300
32399
22678
26313
22603
7334
32091
10395
31410
5405
12090
4724
19202
21970
18024
30278
958
24147
30474
24368
19662
6899
4087
25917
4201
30238
5824
26957
5945
5097
25838
19795
12218
27629
10890
31937
25828
13654
31203
22849
2057
22839
16523
24486
4608
24353
20899
6434
8067
2035
25944
11449
3286
2803
12718
9461
29865
10526
125
15836
5696
2749
26296
20255
26321
6969
245
9876
21038
22320
22826
26342
28323
16584
22965
16012
10274
28228
29088
2807
9885
26325
20002
15376
29620
16818
19817
3041
9104
15210
3734
24210
1295
13689
17162
24216
7457
21530
9440
10537
29042
11869
14010
7923
26185
17529
12481
11533
13232
12387
16103
8750
13781
17568
29808
25629
7344
3415
6320
6504
16102
26538
12566
7001
5101
9030
27753
17446
6513
25145
21330
28008
10231
11013
25115
13006
31425
24818
28598
19731
28401
5800
1537
6445
15857
28412
3912
8136
14097
11
32011
12530
15474
27781
19458
26648
1828
10060
2399
11313
30347
5438
15699
57
28423
334
24275
14305
3027
5850
13468
25733
10286
22073
18293
3678
953
14227
18868
3577
1569
28661
6147
6631
26109
3236
14180
23735
14074
22706
29811
10017
9013
16592
2027
4740
21480
10595
25708
10131
19785
27354
4476
23882
16815
26686
14283
1064
8183
29706
17083
29080
24870
30526
15135
32688
22863
3759
16195
13597
4024
4769
15406
10590
25144
15511
19491
31025
30691
24426
24174
24395
18154
26009
3165
17740
12732
2528
16268
24818
32625
32268
3429
12685
13161
29709
27624
29107
2096
15693
9128
20788
4517
29760
8982
2896
19036
25661
5890
11560
4160
9100
27743
8307
21629
5056
8007
20082
669
15430
31551
28454
25328
13119
12475
22720
31794
2187
25573
25433
14440
26406
6298
13539
20747
24760
8117
2400
18024
5991
27025
19282
26183
14832
25033
4210
9675
1526
14402
20132
21145
17562
15212
23851
24380
30027
10180
5657
20169
6879
4254
11274
958
24291
17953
2066
30256
32560
23699
17396
5414
14783
14551
5269
22336
10943
17971
14512
16028
20708
14679
16330
21497
11265
1179
15721
23837
10713
24969
15489
21109
21811
5019
1839
22524
31532
18501
5801
15709
15057
14390
16246
18780
13037
28124
28122
21618
16928
21798
1685
30391
3377
30861
16333
19718
16293
3925
1608
6491
14993
16656
17118
17023
9644
16997
5166
30440
5800
12047
20625
30426
17091
17704
25676
18899
28313
26024
24586
25382
4156
32297
19337
31206
22406
16365
4243
6149
4270
18465
4656
9405
5402
7523
17434
28207
15988
9859
22129
30283
4096
32390
18864
1775
2605
18929
32480
20819
23658
28996
6155
7332
26938
25796
15604
18415
20619
19837
6149
9025
29764
20360
8073
25613
11037
16778
32539
14541
5555
32125
13662
16364
18908
11955
14831
26084
18487
16663
16280
28324
28680
21943
26311
11828
25923
24703
29758
13467
7399
21319
24587
28929
909
31249
20667
4113
29249
27787
22219
6561
26000
14556
31839
4501
10978
11164
32054
8192
30731
22820
15070
1165
8476
19465
16676
22814
24703
31971
28367
26546
25923
30547
5774
6028
7092
20548
11310
13714
25647
20848
21008
7155
11316
32294
23259
32012
7613
21835
4974
21901
22734
29856
26905
18903
27470
322
16396
29353
31509
31095
3599
23804
22086
21415
3444
16683
24031
3753
7242
13655
32398
5953
7124
24330
11207
9958
25658
26650
4371
32712
8317
15057
28075
10769
9904
18762
20037
5739
8294
25630
6446
18883
5991
25665
8345
30285
15015
11302
12087
9673
28536
17450
17159
22788
766
5679
27248
16545
4067
3207
30605
29465
27725
6165
32200
17409
13325
25006
19882
8332
17178
10949
25329
5456
13373
8520
30947
24909
14349
10949
14563
14891
22558
27345
14146
9667
31350
2218
12887
3297
14656
30747
18386
27464
25285
18848
5197
16631
13719
17867
28964
10411
11535
22502
17543
14245
29178
3034
6093
2733
17296
9040
26635
9303
27814
1557
25830
133
6436
4547
4517
301
8120
3230
31883
6237
5068
16316
99
21372
13238
31849
17500
11218
1839
4297
28183
16459
16903
28607
14847
23671
16151
4110
28121
28886
10102
18110
22939
24659
6640
8386
23170
18190
26291
32727
5215
7774
13132
32431
21810
25111
6866
24655
22265
6920
7777
3766
21450
29384
31178
27839
8224
13491
12425
32584
16243
24623
26360
12692
9995
12340
23490
14574
8981
15371
5529
23439
4599
5461
6444
7874
27105
1872
15187
8262
15524
23382
25485
7924
11720
18086
21165
30369
3800
25959
16848
4934
5633
26346
28050
8031
25308
20272
24962
29072
17799
29100
6099
32142
31738
2377
16724
19517
22936
4527
18850
16150
3333
17858
27547
8908
30776
26476
27159
21807
20177
13469
16595
592
28332
11664
25006
15590
9910
4175
21016
30192
24575
11641
15559
6044
23825
31299
19371
18280
897
957
24101
4999
25539
10071
28532
3974
29506
13475
16752
9263
11440
23644
8058
5806
2715
4264
19891
2802
4162
15002
30828
1366
21670
26875
14302
12161
17380
23626
31771
25738
2753
5121
30021
18528
24711
16666
19454
28266
8976
16850
15903
21354
31008
2733
29613
11943
28408
8378
8201
24139
16679
2328
17254
29450
18852
20921
8320
7940
17178
5990
14988
3053
22147
11523
28522
23659
9976
18453
546
23743
20423
22145
10638
9896
2247
24982
30548
15492
25832
8782
11032
24505
24334
10961
17903
9811
10528
18747
29206
5103
29019
1951
4836
14807
4589
27980
4349
8814
24255
25935
14025
3023
1426
28217
12580
13745
13389
30498
2135
18062
31125
3565
9543
3076
5023
17102
14061
6779
8514
25866
3078
4104
26961
31998
13580
32401
11303
10083
612
16690
13187
13776
13017
16608
5271
14464
26185
27724
22619
21846
10398
26378
32295
4126
10496
13299
3201
26646
29002
24264
9268
28333
12730
26904
18850
15242
29932
32355
22618
25040
20489
13183
21741
19105
25404
21819
4350
6369
15973
2627
21913
31292
32274
19523
1990
2410
13483
31823
31581
9649
29676
5763
26651
25516
2712
18662
13558
31564
19052
29076
3502
22300
27218
18461
30373
10441
22744
13864
21232
9953
4832
9052
4270
22491
21145
14464
28568
3672
10926
24032
5594
31400
25021
30963
26402
30096
8714
11580
20982
26698
20853
9326
1866
30158
9641
8659
20562
18768
18583
25838
30357
11786
8483
8032
29251
21563
5148
520
21192
26480
20850
9582
5537
23042
419
20834
24430
2528
26487
26592
19273
8846
18925
30519
17495
24686
14965
14186
7580
6463
2911
30423
23572
11747
2708
14870
26367
18789
21636
4900
4732
4410
21343
29633
14425
10951
16008
32534
21290
14884
11847
7835
20376
15904
6078
24120
2044
28037
17694
21419
7725
31133
7706
5417
10133
23028
21660
840
24459
1376
18871
27164
21469
15423
16094
15776
16299
18432
10067
30040
2172
21477
11745
19253
4491
17158
17102
25017
22882
10138
17932
5467
5546
16242
8623
32045
16706
6598
26788
24252
20622
18996
19871
6456
18
19718
1621
19413
28991
180
28396
15216
2444
22697
431
15222
18377
11594
30471
7682
944
19765
8614
28485
19390
13254
23302
43
21825
2272
5138
1083
12977
19946
24099
18112
17475
23575
45
15142
5820
6123
27707
27814
9347
32251
10520
4390
11515
27892
1103
17242
5647
20702
8278
10288
3087
5026
13063
875
21434
30410
2127
32653
668
14985
7466
11515
4506
13819
26319
31836
32203
17581
6695
14402
27529
11616
1924
16908
32712
26122
24208
5643
25511
22814
28292
23267
9797
4109
13978
52
28886
26381
23236
12410
16630
11801
20638
6706
7484
23353
22689
21567
30739
12803
6042
24971
13509
1122
25691
6129
729
28822
7601
28251
927
16508
7318
30247
28169
19984
5799
976
9404
4400
1240
19146
29287
15011
25190
28845
24660
89
22541
23446
23357
32500
10108
16330
6752
21640
27398
12445
31957
22687
32154
14483
20768
5505
7925
15556
15107
26290
10262
12165
11158
24763
25586
22084
8089
26157
24682
9908
6152
3556
19322
32555
240
16009
12467
15944
31362
9050
10987
32216
14437
24110
24115
29946
27473
6835
19977
17794
26842
26363
25551
14492
1417
30007
14716
11954
21809
10946
31890
18063
17792
8289
32080
32708
18133
30665
15912
23626
30545
10849
6003
17770
1073
13642
17252
14298
13659
18077
26170
31529
22326
20467
26298
26716
30399
8747
10973
986
9178
30311
3270
28293
11749
2136
7158
29226
3731
9660
32451
11547
30456
22308
2054
8474
13024
1531
21781
10617
22117
17348
2033
7296
27073
5795
29120
7183
1888
28447
16765
22916
8250
11046
2798
20703
23135
19025
14806
16165
15827
14186
17773
22530
9117
19244
14349
32433
6939
27721
24366
1569
14744
28850
14228
15440
2080
9234
27079
17659
915
6043
27332
1914
25337
7942
5362
13286
6165
7893
19799
9084
15933
4060
2316
6214
27497
23551
18158
8184
6025
30781
20887
7704
3612
24558
23949
16737
7678
21832
22456
26730
31617
2856
30746
14723
2240
7184
27834
29151
30768
29291
12513
12281
32120
1561
25737
15664
131
4903
14355
6836
1747
11742
16440
21926
18200
22528
17986
26235
6913
31566
26748
8098
17234
27981
7911
28518
12855
24650
30766
30997
20439
26012
8924
18786
27949
25897
5837
10760
22803
11820
29410
22704
19360
1333
25337
9493
7092
21361
8733
14950
29393
23339
27897
6124
29485
5523
30867
31980
1029
7614
16695
19407
14387
19695
17840
10368
771
27669
703
22038
12099
7828
17093
6067
19609
27208
5571
6315
1818
199
1412
8169
7447
11751
23065
4751
26426
3969
646
2525
9938
31348
30139
84
3692
12524
8134
23067
14499
19940
12102
19617
313
2537
22307
27012
29798
15649
22652
20658
18543
17037
26849
19918
5499
8331
18627
25813
16291
6815
7720
4609
18248
4210
26531
16621
29609
19995
7044
16123
2996
12702
18252
11507
4381
18866
17252
13292
12718
20936
20238
368
25310
12104
10395
20187
23460
21534
30175
30724
24717
10869
4322
25887
5645
28098
3288
19426
19730
5381
1875
3047
32223
12876
6584
10834
25880
27512
32495
12467
30489
28739
16735
29486
7564
4482
1306
473
29499
23976
16980
18789
29218
26252
1050
9985
18377
5228
32577
29563
17361
10801
5532
18856
5324
24308
6514
3079
18258
12482
25902
28065
15185
21660
7001
563
932
26562
8902
6543
25575
17970
13068
27200
24714
10859
1337
20333
5413
31350
31941
7680
17675
26151
23749
21766
23074
15009
23905
11609
17906
3864
13704
19581
30971
11995
27875
7881
25676
25745
2567
7367
14673
2754
28910
32733
23533
1434
1448
10796
15048
2538
26446
17848
491
21872
22328
24265
23434
15448
8303
32146
13088
12290
4965
785
11970
8966
27108
19766
21164
28278
10053
26183
801
7267
18658
17283
22642
15266
23246
22278
31068
8399
17603
30956
28566
14483
25435
27577
10923
20259
16771
32761
9478
28937
1581
6947
24395
18727
27206
9667
9710
8185
19176
9432
21758
24602
11216
635
3649
17418
15890
18882
5510
4398
16139
23012
18231
1048
17304
21662
23854
21001
17285
19413
30153
25524
31049
29308
4417
11589
27120
21688
31031
18338
10584
23362
18064
12017
11936
7694
31107
19034
19678
18986
22512
8462
9232
7912
1524
24712
7766
17983
3258
6163
19806
3183
17300
19852
15391
15076
20298
20329
2250
6749
11186
26618
23293
24653
29568
21999
2618
2945
23136
11803
2201
29700
3394
2679
26041
4672
27893
10858
32252
16741
22264
26695
10740
271
28813
10264
536
31267
10254
9114
2748
19193
24708
14216
23616
24257
31606
5660
7047
21535
13567
724
22186
14105
1571
31602
6638
4659
355
29254
20724
6872
23951
32175
18480
31996
8924
8416
25244
2560
11831
4576
22446
20182
32472
8404
3463
21861
537
9345
25453
5423
20873
4109
123
22321
5948
5637
31383
4362
3174
31909
27045
31584
17960
1875
15098
26496
17578
6508
22804
6212
30826
30275
31624
8762
12756
16999
13115
5890
12050
10789
1749
32760
15397
20814
13171
27668
6453
28731
26013
5390
6949
16909
32375
24517
14955
10297
14651
15329
1055
10053
17638
9911
8529
8396
9778
21870
26784
28360
30149
19040
11784
17425
20136
22979
17660
30240
250
24969
26805
5145
23782
14468
32457
28425
10706
6350
26623
30571
7641
2408
21346
5106
27004
2849
18324
21890
11156
3258
22117
11391
24971
27207
11940
843
10188
31704
54
25098
24184
30553
26212
32681
1627
10679
19577
25630
27166
19269
141
32753
26558
29533
26780
23803
28221
28490
3547
19566
919
101
29259
13845
26359
17791
25742
27869
9003
21375
17914
11413
9557
16716
30444
9458
11236
10990
23902
13782
8643
28656
14780
16593
14800
12552
15860
13289
24208
20730
6861
12694
18977
31929
30585
31249
23152
32463
1901
31182
30124
25088
12912
8519
4858
10026
754
27132
15210
4720
20128
11448
5929
21399
19765
11541
23289
3504
4499
32322
10719
504
6418
9476
16155
25084
25880
6907
29789
3329
21226
5927
30774
15522
9665
16299
18637
25787
30497
10448
18131
19078
358
17740
29881
5892
30880
11205
13856
26783
26016
21905
9105
10253
14163
15040
18030
9335
32335
28508
20776
15067
1708
9711
10163
3247
17429
15174
19511
2503
17438
12149
1033
20856
6872
12315
18649
12030
32164
6119
23085
13595
68
1883
782
15617
10296
31440
26624
19570
19015
443
28984
10022
26204
31534
9482
3949
30099
31650
1697
31253
24212
16371
19698
14734
1056
20908
1522
25676
8681
16517
31239
31341
27559
5418
25533
3740
8808
24894
20411
30261
5159
4256
14581
17577
14753
24557
13603
5669
26212
7238
17777
28014
16169
4179
8056
10512
27235
17031
621
21431
12056
26790
27800
21469
30192
13445
17672
16037
24716
24082
19846
20999
27416
3731
28871
23086
19492
4403
16614
1566
1711
27834
14865
28570
25221
19100
7554
23109
16076
20277
30896
28167
29401
18259
11463
28850
12616
20213
2646
17126
8523
21842
21832
9266
8770
8733
17686
635
28044
16392
21819
22690
2717
28807
31207
24673
18769
3286
3319
7030
13952
30781
1829
30724
16083
1939
22908
5174
29654
513
31504
25893
10062
7944
32491
17660
20684
9669
17994
11354
29058
4468
8970
6903
27222
24372
32349
29579
30773
26889
22465
20203
19114
29223
12339
2677
26799
18542
13727
5551
22467
7985
17052
17195
14652
1851
1622
8366
20959
10260
26827
6800
12206
7808
32571
28262
25089
9289
9433
12511
30680
25918
3015
27372
14448
9596
23105
4644
18964
7404
10265
24678
15158
11277
28771
20160
8638
19956
19313
14223
17570
27537
1282
25576
951
29747
25270
2103
29127
24398
11973
29734
21731
31613
23281
31169
250
11971
20409
20439
16555
3094
15312
29603
16472
25118
30669
19883
12156
10042
21028
7657
3134
26308
22357
29481
19782
5014
27235
12722
24015
25548
16776
27944
8189
6604
6951
6577
26993
24196
16130
22615
11804
4339
8109
25262
19792
12011
12355
22966
13597
15125
16983
31746
20442
17461
45
1818
28674
29103
22314
18463
11842
14667
26250
8109
28111
8757
18001
32005
31485
14664
14980
5228
30734
6795
9880
21710
3143
13308
21803
24743
2378
9613
26610
3620
31391
25197
1011
12933
21396
30600
3572
15557
12103
6993
2867
25469
22273
27327
31319
27142
709
30613
14503
16605
2089
3047
18298
1356
27493
18138
1518
9287
1706
30379
13021
9365
15285
21491
19213
23600
25507
553
6055
5357
28935
31080
235
25695
30778
15730
31009
15097
4594
1526
5075
28276
19478
15374
7481
17264
7377
28940
17909
14942
3046
12918
14081
9117
1603
24399
8677
16099
4056
25240
8493
27103
18345
30487
32026
8733
29218
22615
10392
24105
32171
1264
2672
503
13693
30216
26303
29314
5812
28698
31911
3252
31653
20727
11332
902
4465
32522
14561
26984
19419
24031
31596
26851
19286
27623
6440
28797
26978
28021
4770
21981
24345
18701
16102
13359
14853
30942
1778
2506
4917
13709
30059
22800
15504
15924
28303
20630
22633
25003
9323
16006
3923
11526
6990
21313
22582
25438
21117
30536
1698
8917
25896
14428
4964
23252
14237
4580
21335
30615
1212
5264
4221
26348
24491
12604
14670
23095
32203
11031
6736
27066
23786
29956
21992
32019
6586
32320
3696
7430
2689
12869
30345
4733
29203
12271
15283
30413
24318
31710
32539
6459
2820
12827
20659
23999
20174
31486
24712
30984
32222
18255
23121
11711
16070
6059
8003
28432
13207
21289
21037
3175
1693
28990
27072
19063
12105
31454
15662
3457
879
9956
16120
30931
26802
5556
23040
10127
14908
28703
9446
25261
14002
28039
24465
30787
2662
1347
28428
6148
18895
20292
19348
22791
28727
22521
5359
19659
14004
27505
16639
17271
22361
7104
6294
9574
4269
1699
30348
1506
32092
7783
32015
21296
5165
31238
13627
18382
25652
28820
19690
248
24905
985
26318
24176
21689
24128
12477
3967
17979
26608
13387
28983
28965
14136
5534
8700
6623
24624
13438
28227
22424
26525
25516
31384
9785
23830
10869
20198
21655
24677
17542
9971
8941
5680
21506
11306
9609
20441
31186
31901
16325
27298
18493
9034
19257
10773
17336
26013
16175
4515
26111
2615
27735
395
22372
31982
8381
6909
21095
29717
18423
12159
25992
31485
23459
16273
1881
1467
14353
19596
12503
29228
10556
464
29178
6711
17407
31006
13451
23378
24453
7747
8502
14152
17154
30199
23264
29241
23456
19460
1083
20962
3773
3243
17303
25118
31827
19779
14587
25261
17847
18467
6772
16949
11399
20418
27309
19078
7645
32029
32192
25122
32201
7513
16460
1789
18175
8874
29896
26241
21196
7283
23318
14037
23887
31407
30299
13663
6629
8335
25871
28296
27621
2660
32592
12991
6030
2752
12156
23744
32573
25304
14590
19734
16611
14893
24936
16094
18359
14700
12227
22991
9768
19602
13858
9591
19478
20563
6526
16839
27969
11965
19389
2258
11266
12057
11284
32210
23609
32018
399
11628
29318
11033
1006
25397
29628
13319
26291
22644
30866
16388
6777
16426
6556
12456
14471
21583
22394
14433
19621
18527
21328
277
28975
17685
27510
9736
29031
20854
4208
1279
26127
19730
26144
10918
56
24455
1338
24111
30293
326
28921
4156
18323
410
5392
12543
18797
11750
24548
12703
13178
32302
19704
13534
7562
27352
29608
13050
9202
20404
28187
5328
9764
59
11379
2631
21379
28948
2118
8172
31349
6877
11346
22490
19897
31271
9324
18909
5115
20674
10682
3799
30117
3132
32546
31586
23801
30116
29186
28086
7261
3731
21282
13006
20213
16238
31719
18118
10103
15077
13257
29832
8507
15039
2566
6311
18322
31194
30616
2955
1881
3949
23909
30415
16078
3985
12983
6631
32674
5376
30699
16902
14159
6172
16749
31038
12715
14131
28388
12522
10685
21505
25257
27465
23760
10870
19838
10347
21447
17594
25213
6737
22192
28783
1870
25680
16028
6454
21661
27062
6573
11380
31435
28592
21872
27222
24292
5739
25453
18450
978
28026
3069
18288
5072
10104
25436
26506
7713
12526
5375
4815
23809
11894
31016
11854
6108
9761
10423
11826
30142
22551
835
21384
21515
2685
23401
30537
30064
19612
15716
1684
7449
30015
990
5179
27172
24668
12038
9089
1878
12279
12771
4130
781
5188
10728
14228
25462
24332
13512
18317
19200
26193
22668
21957
16657
31285
12770
9469
29431
29208
23736
15168
289
5377
19209
11625
11407
24895
32247
17381
30855
30544
21787
23738
5258
11265
26649
11976
8838
1495
7799
21071
11597
10670
31151
12978
25414
31392
17794
19835
26978
28968
8848
25246
23122
28039
7974
31234
17912
2407
21079
25149
17691
11455
11598
3232
30046
27126
30434
27251
29043
25931
9579
12161
6540
19316
2772
7640
16402
7045
1778
16074
3738
18452
13332
11575
14101
29595
16860
21775
17734
19485
29261
19474
9338
18957
27940
10202
11635
22123
23916
29980
20645
7216
3405
13355
12453
2284
29733
32445
16606
16558
27354
15090
15494
2340
31342
32658
2512
28675
30931
3478
23907
12457
26625
747
12812
7426
19271
10866
26799
3496
26334
3403
9348
7502
7620
10579
14207
13150
25031
28907
13072
8673
27104
30716
28941
23200
8899
29240
10477
32648
3508
26274
25910
21075
412
15440
27960
18277
604
1135
30460
16372
8801
9609
13688
12140
8825
19459
5892
12306
17381
17386
18450
19175
175
8175
19993
30415
7742
20911
20178
4850
20007
5944
22439
24675
20806
25033
14697
16128
20750
6618
19521
12697
25373
25692
12265
27988
27411
19778
23579
30799
20133
31552
5450
7048
12269
20691
6545
11258
8708
7809
6633
28425
3027
19042
21406
7712
11558
4319
24068
19865
31234
17082
102
15069
16441
9295
9279
17868
19259
21017
14252
6495
31279
20087
5154
18315
31811
7344
15708
23657
10048
3381
3224
11413
7265
7975
7171
25300
12133
6937
1650
4345
17379
19223
20306
18441
5342
29671
1762
31645
6809
29582
32416
13448
684
10519
8704
22202
28248
2447
18276
32356
27416
1620
3401
14429
22904
10384
6078
6597
13866
1536
16923
31464
31063
29434
6383
22884
51
5550
12346
9615
13524
16044
10717
32531
26692
10918
78
9435
4821
4471
27024
7219
28340
9829
26211
21290
8385
28067
20920
16955
25502
2842
1127
20781
26886
28266
24868
824
25953
43
23728
11881
31125
13432
22092
16968
28446
9902
21619
25015
31329
8817
31176
21533
30525
15856
17998
4548
21476
26986
30935
28544
7657
6130
9407
11666
26010
25967
20441
28107
27535
24038
11434
21749
19587
18940
17621
23406
8035
9398
10199
4374
14757
7812
29172
22635
3547
20862
16241
23795
22664
2797
24580
18651
3890
19981
24201
32221
17848
29713
12534
21863
32230
3432
9361
11257
5447
26687
23137
15310
17722
24647
26594
2752
26952
23480
28669
28518
32693
6550
18486
29055
6229
13619
32296
2451
9633
757
20782
983
25610
10841
29796
2642
19342
8504
11470
6718
16264
27721
8150
26801
28876
18664
26108
31356
9715
9237
13769
29523
24052
704
15108
24623
245
16196
28201
241
4960
16433
23
21832
7992
3150
11785
28884
18350
24542
4551
23180
15087
10019
16926
31581
30273
545
22413
24595
4174
13732
10561
21117
32191
11652
22084
3532
1037
29736
28401
4669
20116
17225
21163
23544
23018
4600
5582
311
10606
17379
998
31658
31524
24020
4639
8475
28096
25466
22013
3918
19712
17004
21581
3883
30783
28267
15452
13086
5960
4839
25446
13503
4456
32197
5201
21934
31431
10080
1947
18369
27639
31694
6034
24674
30670
18788
1219
6962
13169
30844
24244
12275
1202
28789
25814
16292
10908
19964
29621
23789
13387
20106
21106
29630
23042
5422
29811
21556
27767
11405
857
25788
20081
27175
17714
16250
11413
5852
13040
16108
26493
174
21275
15818
25611
22984
11458
3633
13821
2240
26295
27649
22721
19993
26364
28292
27274
25356
1656
15696
7587
30087
11502
3182
21508
9591
26928
9147
6435
26435
22928
30095
28172
28568
30872
2205
7092
3180
8699
14618
32650
3901
25546
5410
1616
11418
28651
22615
18729
29925
16840
19147
243
19031
19524
1824
17366
30788
17395
27629
16669
20385
22922
15460
28485
27843
30868
13362
24660
2665
24167
4775
12397
1533
7511
24855
17056
30999
24617
30848
16390
3139
459
2668
3342
26372
19778
12569
10514
24857
31203
19160
11310
22782
14278
9395
22353
21430
24696
14418
27284
18888
8176
288
13771
17800
10692
11433
5978
13975
20125
10822
23883
7853
1513
24061
15517
31638
16335
31395
21214
4731
4968
18243
26108
99
7468
21444
22104
13305
8618
24773
30492
13456
18557
32460
16591
23140
891
10400
4646
23587
30255
23795
29469
21932
29066
31556
3655
11286
22485
26628
21602
29428
31978
15352
32303
14039
22180
734
24705
20757
4500
19795
18067
10441
24053
6644
18078
1307
2274
22980
17579
21698
13767
5070
6054
3783
19478
27659
1205
4235
27963
4485
1224
7435
1745
22461
2160
24931
21782
32586
11764
8849
27036
29124
7586
30844
2626
29920
99
14901
31843
6364
17554
32636
4173
26142
9486
23430
245
3608
9870
13565
31721
9070
32565
24393
25989
7515
7271
22798
11626
10833
15066
21493
18220
5599
17648
27056
6987
17880
27460
8760
1125
4786
11138
12121
11433
32556
14717
369
24463
4915
32379
6517
9158
24071
8915
15412
12654
25498
21947
27360
6280
31033
18267
17610
11179
21869
2342
13933
760
22308
18537
6574
11088
18444
5924
11106
21956
7744
14106
31249
6988
294
6948
12793
10428
5527
4810
27222
26357
21825
21524
22497
29528
30026
22430
2199
31873
8246
15083
3259
22321
1803
7419
12574
24459
3507
10528
11934
31364
5793
17421
29421
19349
12728
3888
26260
29362
12904
13890
21559
26240
28954
15132
21786
16067
15310
13260
26340
789
14850
12008
3747
20958
18390
12834
11537
29568
3183
1821
26646
11730
20377
19071
19853
27600
21168
29000
4939
3473
12480
14434
6237
29817
2539
12920
2962
8111
32267
26636
23354
27857
15001
15812
21036
20711
8142
5381
1550
7574
16647
23235
31440
9879
17518
30872
8058
23399
26071
23571
2088
10559
8424
2130
2386
14662
18045
26067
6225
24326
330
17543
5407
19228
3523
17448
24927
22068
10552
5837
26781
30773
31813
20924
32214
16313
1129
16511
12859
24000
16629
28218
2354
6565
10024
22843
11678
16721
8600
1235
3168
27054
7891
23908
30750
4958
29511
8892
14914
1966
4703
19617
13638
453
25327
7597
31792
30754
13010
22621
856
6725
3538
19044
20081
22187
31687
8773
16327
32000
27139
17184
27846
20625
17390
2764
7100
7936
32494
15911
20192
12091
7562
4010
146
7342
28110
29761
29924
29368
1777
14937
17498
7260
18997
5946
1006
31802
27407
7831
11863
16573
17032
22627
12939
18581
29155
26855
19331
11112
6272
32530
1342
15044
8448
32016
4872
3929
27050
3870
23292
30309
19469
9372
23240
21359
18407
32611
18864
19000
21830
19802
7126
17647
8685
68
19128
10916
15865
22492
1786
23039
31685
21028
14182
15410
1802
30202
26929
1068
30539
11244
5503
28175
24944
6477
24618
4837
11441
12680
13247
9359
11957
29109
24266
9725
21243
31338
5716
29605
20858
31700
425
12333
14468
10246
13151
26987
19952
8080
13203
2448
2936
3156
32630
26784
14944
24213
8713
4646
29273
24657
18980
4901
32676
4817
445
25681
29818
2686
27239
17535
27052
15606
8985
5979
12935
30047
15153
7257
2042
25340
22200
4590
28411
30205
26600
6399
24102
32412
8683
27802
26279
16997
2278
16868
25691
31701
17206
25682
31026
30759
4090
25116
22488
18283
1745
23791
8596
13016
1253
21219
23408
28003
27432
29612
16026
12945
4573
22036
26634
18313
5467
8617
11109
4717
24589
178
3361
15338
5566
28264
10219
3854
17427
13667
325
2906
31833
12883
4468
23833
14977
12016
665
12272
15721
26932
27422
4021
13406
6855
1875
19332
26078
5307
13913
3856
13218
17273
15936
9784
8156
12027
7020
7899
14269
19260
24381
15596
1850
11501
25071
29897
31248
30314
19390
24520
19973
4332
14670
24339
31345
1536
32587
24759
12542
3384
20812
31479
23468
8736
20478
20966
15384
13939
17022
31541
4093
21647
32518
21577
24315
17959
18124
32400
21911
4920
6439
30230
20868
27966
16884
30291
801
23207
10040
8520
18498
13960
6663
7370
9267
22671
11940
6685
30970
31033
24553
31684
26077
9796
489
3480
28452
23400
18389
792
21280
4930
24860
12288
12396
25745
29142
12061
24947
32676
27235
27487
12594
8211
591
16176
19776
18094
23161
7684
6411
20403
2677
31793
18020
14660
7470
26882
22334
11799
16592
3846
27826
10352
11749
3758
1863
16716
2494
26391
7281
32735
18452
24869
9559
15681
20463
12497
2777
28773
26567
16580
4818
30282
11497
23588
12954
10869
6685
10926
27344
25502
24966
13061
4182
10410
7625
22345
