32150
31699
10896
6444
14158
20409
23537
27921
13768
20241
12764
8885
21743
32421
5189
24395
19960
30824
9378
12419
24994
31916
23116
18271
30652
9109
15913
21827
22504
17102
2440
16203
24480
23418
11340
7136
22902
9326
32333
11918
22944
1181
8187
22032
17331
4563
20037
8365
23983
26535
11705
31432
5180
27307
20716
11186
21555
19429
32284
5314
7520
24707
30740
26280
12935
8650
20048
16638
2724
26960
30818
28704
26487
15723
16532
15678
13632
16873
16847
1199
6088
8449
31931
1672
18592
138
18472
9582
10925
22379
8365
1960
14053
14163
7054
20088
9811
24234
227
22444
32097
9927
20727
15728
23638
8803
14575
2150
14622
77
15020
18425
26186
1632
3058
1262
2903
14515
28873
16955
29235
271
5411
29
19965
27302
10688
30053
24332
17921
18511
29458
6196
18747
25302
9765
10564
109
16979
11185
4819
8809
22692
11058
10045
7595
27044
27423
7400
29068
20375
5059
5580
10169
24264
5192
16434
484
11376
24085
29883
12217
15578
27226
30117
8468
23749
15848
13130
18545
10762
24391
14825
24996
3966
29442
11433
4298
14362
29254
29147
28031
15705
12203
29824
20049
5346
7762
7947
26741
359
3888
29544
6073
2765
22697
25660
25274
16781
7265
21359
3927
20826
8015
23016
23397
9988
26643
15511
11684
11676
6025
12985
21234
26329
12190
24919
7103
25274
15458
12304
28097
23149
4959
23321
7657
29296
7466
26242
9877
26614
23863
22203
3591
11660
11249
21078
4374
15100
22282
4366
26147
5233
7184
15369
11343
19677
12610
9050
23275
1944
20641
27850
17713
15690
31050
8152
1585
18442
23298
13054
26893
31431
8211
32310
8553
18407
2391
14013
26654
15151
4242
22551
20526
19171
1284
7763
26621
17454
22079
30096
31422
22211
311
704
1579
965
21400
10668
14457
29669
31068
13369
2699
30922
2204
32489
19046
15797
32678
20132
10725
27493
26961
13241
9645
17208
7053
7712
22628
30100
17470
1794
3614
14213
14411
21370
11288
23463
14577
21662
16553
29255
9054
2233
20341
13509
15995
475
11748
16444
6921
5524
979
25445
14831
14844
17545
953
27858
13302
13292
24022
9447
31414
19444
9508
9221
29825
5729
18104
17407
28852
20137
21369
18480
776
24629
21889
27991
9236
5324
5318
11174
15124
1872
3833
24341
29928
11944
9902
18940
3168
5373
19902
9697
26550
3881
12009
13966
12124
2156
6848
4967
16888
13921
15299
6907
10670
18737
21958
17625
30365
27655
5273
17829
8876
10692
11751
14699
25222
2547
23135
18482
2019
31231
27154
30933
22794
22179
30748
9742
403
10659
391
18900
114
28602
25452
4839
14129
31443
1115
30889
32381
17532
11517
16687
25572
17559
21496
11672
29917
8274
24851
16541
15113
17754
11163
21354
19896
17740
14341
27820
7343
1389
30932
3564
22569
5786
5822
27419
6683
18818
1034
16494
13500
21266
24380
14956
19013
5425
26868
9285
4597
24494
4372
20581
28249
15734
24353
28489
14538
8715
14828
18577
26167
2865
21105
2647
26917
27371
13823
8896
29939
28069
19353
22480
1635
28851
16541
4483
21846
15610
10403
2585
5079
23021
21672
22705
7771
3260
9580
2585
327
22471
23832
15333
30643
3673
13348
28094
18286
20627
13688
31997
7746
934
9681
32377
21625
6726
31335
27292
14495
16731
8909
20413
18570
17657
10776
32425
31640
16786
29507
25987
568
30058
5330
3279
7852
17996
6070
27337
31501
20348
7537
251
8335
3052
12666
30734
29702
28850
18915
11745
23465
3002
15161
27096
29206
31416
9132
11127
27287
20065
4463
18223
2724
11739
26722
17783
23721
20082
19183
14367
9
5004
2609
31201
14946
27359
24924
3130
11795
14561
89
1912
23035
27008
10672
20755
18052
30996
26539
3136
992
2450
7353
30916
23955
22530
29456
13318
26418
9779
28566
4201
18026
27821
11266
30424
24131
26855
31806
1699
16294
23482
784
26505
798
3094
31226
534
28635
25076
12383
4655
5116
11659
1510
18411
12814
28359
25636
27300
10191
12535
31605
12878
12856
20166
18218
19208
12987
12908
7402
14065
22986
26149
19282
573
23192
2274
3039
32136
3107
31551
19470
29289
7026
22710
4545
1611
13083
4370
32485
16248
15369
13862
14418
24695
7036
20926
13298
3480
4689
22486
12838
28877
8580
2314
26213
20411
6131
22862
4903
18449
11621
11999
7425
9753
20170
3450
22801
2445
32709
459
6812
19627
30055
24872
17398
24971
20030
12671
24226
6577
2958
19853
32443
3039
12254
6481
30098
3116
9910
23233
6041
27226
22952
2747
6528
27237
5773
12862
18589
11096
11025
10202
8849
28772
22898
16741
4137
51
2692
19952
18306
3706
24825
27641
6513
25550
4575
4067
11809
14264
9834
20131
29950
28939
2804
16571
19410
16501
3906
4460
8494
18773
15369
3623
5644
19660
8624
19014
25266
2839
1112
11001
730
20252
2330
28547
27919
22594
18575
2470
22874
5766
27286
23131
23326
27852
12113
9927
21057
28018
2417
22891
30604
17707
11700
25499
2133
18443
15275
21297
21851
21726
25537
28802
14577
702
11897
30865
14431
19685
18679
18307
21637
12479
31426
1875
19905
29251
10440
14023
24339
31364
2467
7331
13439
1155
28442
31516
8371
3144
18667
6031
21994
13361
17608
27251
9744
5257
12191
2957
3623
10588
31774
11874
4329
21130
4727
17138
9391
6683
19808
3747
14481
13522
18526
20860
5327
28933
25412
19347
6768
1964
7926
14025
9768
951
14195
2228
6783
13221
7955
4317
21808
22866
16141
18220
5071
3088
8507
24224
2991
250
26402
28739
14595
11653
12845
21086
10563
30808
24889
28649
17618
27742
18262
13381
23517
8729
16332
24366
31366
21305
17245
21739
18498
19565
25290
16071
30335
12665
19097
4037
651
18313
13332
16784
20145
14788
26517
23985
22181
3109
13313
9988
802
12422
32659
30573
24785
29182
21979
9671
15981
10861
5894
2077
30245
30293
11359
26141
26177
23276
26134
28617
23817
4719
26176
3184
31714
29368
15648
5597
21947
8723
6821
21454
19623
3662
14643
19368
29387
23055
26023
14440
29307
13418
18581
16093
16800
20147
21715
12821
9309
25745
32572
31765
17138
2644
9134
32460
22240
13705
15189
330
13134
13259
18476
32046
11435
988
6592
24669
9109
17652
20280
5882
14073
12376
14994
29074
24956
20783
