31748
20365
9059
28544
23418
28941
1154
27528
14458
22789
30957
3467
18405
28839
28065
21730
30915
25514
13575
2469
29911
28305
11301
7444
3958
25135
16401
26933
5786
107
26540
5055
14899
5697
25996
6199
32189
30473
26170
15705
26647
15612
20126
31161
26003
29428
20151
2986
4170
2931
3216
18527
21170
18663
31599
26192
6258
31532
13135
18143
372
13907
23696
828
19260
26274
1006
16518
25721
26075
27312
3891
24282
30146
10017
22961
13091
17369
10564
9805
2944
23150
30660
12373
2073
8919
14634
7289
12774
23805
23890
19575
4037
12311
31520
5624
4554
14520
13935
24756
